%YAML:1.0
---
R: !!opencv-matrix
   rows: 3
   cols: 3
   dt: d
   data: [ 9.9979289919575220e-01, 1.6709180613838970e-02,
       -1.1617314705501930e-02, -1.6815911271560451e-02,
       9.9981672505658525e-01, -9.1510341072314795e-03,
       1.1462279261105520e-02, 9.3444946540096815e-03,
       9.9989064230734837e-01 ]
T: !!opencv-matrix
   rows: 3
   cols: 1
   dt: d
   data: [ -3.9792225951828094e+01, 2.5398598364670988e-01,
       -1.1972247333195141e+00 ]
Rl: !!opencv-matrix
   rows: 3
   cols: 3
   dt: d
   data: [ 9.9977233489688300e-01, 1.0603679031214145e-02,
       1.8515948958608655e-02, -1.0519950917593312e-02,
       9.9993402090184913e-01, -4.6135101334884082e-03,
       -1.8563647473657692e-02, 4.4176729239908744e-03,
       9.9981792100282474e-01 ]
Rr: !!opencv-matrix
   rows: 3
   cols: 3
   dt: d
   data: [ 9.9952735442424168e-01, -6.3797873132948333e-03,
       3.0072679819288718e-02, 6.2439025289911156e-03,
       9.9996987900054679e-01, 4.6102898867838409e-03,
       -3.0101186669046612e-02, -4.4203399720887286e-03,
       9.9953708243148565e-01 ]
Pl: !!opencv-matrix
   rows: 3
   cols: 4
   dt: d
   data: [ 9.2101263039473213e+02, 0., 3.1439591598510742e+02, 0., 0.,
       9.2101263039473213e+02, 2.4379779624938965e+02, 0., 0., 0., 1.,
       0. ]
Pr: !!opencv-matrix
   rows: 3
   cols: 4
   dt: d
   data: [ 9.2101263039473213e+02, 0., 3.1439591598510742e+02,
       -3.6666472939368177e+04, 0., 9.2101263039473213e+02,
       2.4379779624938965e+02, 0., 0., 0., 1., 0. ]
Q: !!opencv-matrix
   rows: 4
   cols: 4
   dt: d
   data: [ 1., 0., 0., -3.1439591598510742e+02, 0., 1., 0.,
       -2.4379779624938965e+02, 0., 0., 0., 9.2101263039473213e+02, 0.,
       0., 2.5118658997218584e-02, 0. ]
ROIL: [ 41, 36, 599, 444 ]
ROIR: [ 0, 0, 615, 453 ]
