%YAML:1.0
---
R: !!opencv-matrix
   rows: 3
   cols: 3
   dt: d
   data: [ 9.9984491812685394e-01, 1.6736817249204877e-02,
       -5.4789272920441438e-03, -1.6798501584594051e-02,
       9.9979375546908877e-01, -1.1413013166044633e-02,
       5.2867797776320457e-03, 1.1503280983381881e-02,
       9.9991985903181269e-01 ]
T: !!opencv-matrix
   rows: 3
   cols: 1
   dt: d
   data: [ -3.9059613496453558e+01, 1.9534696907731983e-01,
       -1.4482933670997724e+00 ]
Rl: !!opencv-matrix
   rows: 3
   cols: 3
   dt: d
   data: [ 9.9942567283169748e-01, 1.2154623027440836e-02,
       3.1632098001393397e-02, -1.1977911790224928e-02,
       9.9991161464442013e-01, -5.7699677931671092e-03,
       -3.1699433970570227e-02, 5.3877674643028201e-03,
       9.9948292524069460e-01 ]
Rr: !!opencv-matrix
   rows: 3
   cols: 3
   dt: d
   data: [ 9.9930079976558328e-01, -4.9977550967947862e-03,
       3.7053124454739711e-02, 4.7908969604531591e-03,
       9.9997245203108442e-01, 5.6694342976120358e-03,
       -3.7080438160575838e-02, -5.4879525264966309e-03,
       9.9929721478791611e-01 ]
Pl: !!opencv-matrix
   rows: 3
   cols: 4
   dt: d
   data: [ 9.2807019912975818e+02, 0., 2.9145905303955078e+02, 0., 0.,
       9.2807019912975818e+02, 2.4978251266479492e+02, 0., 0., 0., 1.,
       0. ]
Pr: !!opencv-matrix
   rows: 3
   cols: 4
   dt: d
   data: [ 9.2807019912975818e+02, 0., 2.9145905303955078e+02,
       -3.6275427062690855e+04, 0., 9.2807019912975818e+02,
       2.4978251266479492e+02, 0., 0., 0., 1., 0. ]
Q: !!opencv-matrix
   rows: 4
   cols: 4
   dt: d
   data: [ 1., 0., 0., -2.9145905303955078e+02, 0., 1., 0.,
       -2.4978251266479492e+02, 0., 0., 0., 9.2807019912975818e+02, 0.,
       0., 2.5583990989985480e-02, 0. ]
ROIL: [ 35, 35, 605, 445 ]
ROIR: [ 0, 0, 616, 453 ]
