%YAML:1.0
---
R: !!opencv-matrix
   rows: 3
   cols: 3
   dt: d
   data: [ 9.9988694596505134e-01, 1.5006433012851626e-02,
       9.4987205108984236e-04, -1.4996847389417339e-02,
       9.9984334124518748e-01, -9.4014645687886533e-03,
       -1.0908056935912665e-03, 9.3861566090950622e-03,
       9.9995535410689629e-01 ]
T: !!opencv-matrix
   rows: 3
   cols: 1
   dt: d
   data: [ -3.9745257632844783e+01, 4.1056842606687965e-01,
       1.5076085501152994e-01 ]
Rl: !!opencv-matrix
   rows: 3
   cols: 3
   dt: d
   data: [ 9.9998545517141790e-01, 4.6421690080736761e-03,
       -2.7458536946643854e-03, -4.6550466731178882e-03,
       9.9997810964770428e-01, -4.7022086167242102e-03,
       2.7239651398495803e-03, 4.7149223010121370e-03,
       9.9998517465091075e-01 ]
Rr: !!opencv-matrix
   rows: 3
   cols: 3
   dt: d
   data: [ 9.9993945696939379e-01, -1.0329372444966931e-02,
       -3.7929488062678606e-03, 1.0347117618897093e-02,
       9.9993547299445951e-01, 4.6890302118159834e-03,
       3.7442693191756518e-03, -4.7279924111372669e-03,
       9.9998181310213130e-01 ]
Pl: !!opencv-matrix
   rows: 3
   cols: 4
   dt: d
   data: [ 9.5402900958984401e+02, 0., 3.7845122909545898e+02, 0., 0.,
       9.5402900958984401e+02, 2.7012765693664551e+02, 0., 0., 0., 1.,
       0. ]
Pr: !!opencv-matrix
   rows: 3
   cols: 4
   dt: d
   data: [ 9.5402900958984401e+02, 0., 3.7845122909545898e+02,
       -3.7920424592782809e+04, 0., 9.5402900958984401e+02,
       2.7012765693664551e+02, 0., 0., 0., 1., 0. ]
Q: !!opencv-matrix
   rows: 4
   cols: 4
   dt: d
   data: [ 1., 0., 0., -3.7845122909545898e+02, 0., 1., 0.,
       -2.7012765693664551e+02, 0., 0., 0., 9.5402900958984401e+02, 0.,
       0., 2.5158711165154498e-02, 0. ]
ROIL: [ 26, 26, 614, 454 ]
ROIR: [ 0, 0, 620, 458 ]
