%YAML:1.0
---
R: !!opencv-matrix
   rows: 3
   cols: 3
   dt: d
   data: [ 9.9971024690965204e-01, 1.6910368169248485e-02,
       1.7130723050208914e-02, -1.6993623906398921e-02,
       9.9984442797104711e-01, 4.7261614210020531e-03,
       -1.7048136859210111e-02, -5.0159050658847839e-03,
       9.9984208839496236e-01 ]
T: !!opencv-matrix
   rows: 3
   cols: 1
   dt: d
   data: [ -4.0537606504154994e+01, 1.1802040343027664e+00,
       5.9102236947203979e+00 ]
Rl: !!opencv-matrix
   rows: 3
   cols: 3
   dt: d
   data: [ 9.9178915239453636e-01, -1.1342932363230994e-02,
       -1.2737980639775939e-01, 1.1590398740206100e-02,
       9.9993210700903135e-01, 1.2016777946673067e-03,
       1.2735752765176672e-01, -2.6681937490246862e-03,
       9.9185328597154299e-01 ]
Rr: !!opencv-matrix
   rows: 3
   cols: 3
   dt: d
   data: [ 9.8912785707468542e-01, -2.8797277097283518e-02,
       -1.4421095378168475e-01, 2.8516846069627597e-02,
       9.9958526198844611e-01, -4.0116711892664502e-03,
       1.4426666922432951e-01, -1.4438584381908049e-04,
       9.8953883567227729e-01 ]
Pl: !!opencv-matrix
   rows: 3
   cols: 4
   dt: d
   data: [ 9.2900229548283994e+02, 0., 4.4859175109863281e+02, 0., 0.,
       9.2900229548283994e+02, 2.2552591133117676e+02, 0., 0., 0., 1.,
       0. ]
Pr: !!opencv-matrix
   rows: 3
   cols: 4
   dt: d
   data: [ 9.2900229548283994e+02, 0., 4.4859175109863281e+02,
       -3.8073469699980931e+04, 0., 9.2900229548283994e+02,
       2.2552591133117676e+02, 0., 0., 0., 1., 0. ]
Q: !!opencv-matrix
   rows: 4
   cols: 4
   dt: d
   data: [ 1., 0., 0., -4.4859175109863281e+02, 0., 1., 0.,
       -2.2552591133117676e+02, 0., 0., 0., 9.2900229548283994e+02, 0.,
       0., 2.4400253058189367e-02, 0. ]
ROIL: [ 16, 26, 620, 450 ]
ROIR: [ 0, 5, 630, 460 ]
