%YAML:1.0
---
R: !!opencv-matrix
   rows: 3
   cols: 3
   dt: d
   data: [ 9.9984387201234692e-01, 1.6551588585335300e-02,
       6.1868016502414349e-03, -1.6504045595694322e-02,
       9.9983447029182382e-01, -7.6582305556436954e-03,
       -6.3125334322183804e-03, 7.5549276349909612e-03,
       9.9995153632068445e-01 ]
T: !!opencv-matrix
   rows: 3
   cols: 1
   dt: d
   data: [ -3.9499880076122565e+01, 5.4536848030829754e-01,
       -2.7474633850061353e-01 ]
Rl: !!opencv-matrix
   rows: 3
   cols: 3
   dt: d
   data: [ 9.9990834643313531e-01, 2.7992498762998900e-03,
       1.3246242240092842e-02, -2.7495154952694540e-03,
       9.9998910857353085e-01, -3.7713258751483542e-03,
       -1.3256654853108951e-02, 3.7345594713868893e-03,
       9.9990515258581414e-01 ]
Rr: !!opencv-matrix
   rows: 3
   cols: 3
   dt: d
   data: [ 9.9988051666081967e-01, -1.3805189200833238e-02,
       6.9547935426912426e-03, 1.3778989650828827e-02,
       9.9989784048036157e-01, 3.8010586567177400e-03,
       -7.0065573782431539e-03, -3.7047744652885920e-03,
       9.9996859090666779e-01 ]
Pl: !!opencv-matrix
   rows: 3
   cols: 4
   dt: d
   data: [ 9.3035826984140670e+02, 0., 3.2223673629760742e+02, 0., 0.,
       9.3035826984140670e+02, 2.3053940582275391e+02, 0., 0., 0., 1.,
       0. ]
Pr: !!opencv-matrix
   rows: 3
   cols: 4
   dt: d
   data: [ 9.3035826984140670e+02, 0., 3.2223673629760742e+02,
       -3.6753431509287511e+04, 0., 9.3035826984140670e+02,
       2.3053940582275391e+02, 0., 0., 0., 1., 0. ]
Q: !!opencv-matrix
   rows: 4
   cols: 4
   dt: d
   data: [ 1., 0., 0., -3.2223673629760742e+02, 0., 1., 0.,
       -2.3053940582275391e+02, 0., 0., 0., 9.3035826984140670e+02, 0.,
       0., 2.5313507654552123e-02, 0. ]
ROIL: [ 14, 17, 626, 463 ]
ROIR: [ 0, 0, 627, 462 ]
