%YAML:1.0
---
cameraMatrixL: !!opencv-matrix
   rows: 3
   cols: 3
   dt: d
   data: [ 9.5319471662587205e+02, 0., 2.9981442370815142e+02, 0.,
       9.5356442385662172e+02, 2.1943432510707001e+02, 0., 0., 1. ]
cameraDistcoeffL: !!opencv-matrix
   rows: 5
   cols: 1
   dt: d
   data: [ -2.5603638530260354e-02, -2.6584044486368872e+00,
       -3.5346902261151679e-03, -2.9174407759534385e-03,
       1.5225921877090823e+01 ]
cameraMatrixR: !!opencv-matrix
   rows: 3
   cols: 3
   dt: d
   data: [ 9.5064400470759392e+02, 0., 3.5156646296746737e+02, 0.,
       9.5193112851238618e+02, 2.7728822399619838e+02, 0., 0., 1. ]
cameraDistcoeffR: !!opencv-matrix
   rows: 5
   cols: 1
   dt: d
   data: [ -1.4196225896599607e-01, 4.3525111430856617e-01,
       -2.5972834829234943e-03, -3.8308552143089905e-03,
       -3.2921251899217570e+00 ]
