%YAML:1.0
---
cameraMatrixL: !!opencv-matrix
   rows: 3
   cols: 3
   dt: d
   data: [ 9.5304986044991108e+02, 0., 3.0569612815257938e+02, 0.,
       9.5439414229273780e+02, 2.1440657427088325e+02, 0., 0., 1. ]
cameraDistcoeffL: !!opencv-matrix
   rows: 5
   cols: 1
   dt: d
   data: [ -5.7603298028622130e-02, -2.3446874073082560e+00,
       -2.9139506248040585e-03, -2.2899431680791990e-03,
       1.4711091294689766e+01 ]
cameraMatrixR: !!opencv-matrix
   rows: 3
   cols: 3
   dt: d
   data: [ 9.5219210083341454e+02, 0., 3.6473760296349371e+02, 0.,
       9.5443455091051874e+02, 2.6863479398679300e+02, 0., 0., 1. ]
cameraDistcoeffR: !!opencv-matrix
   rows: 5
   cols: 1
   dt: d
   data: [ -1.9936897311282464e-01, 1.1251890262454096e+00,
       -3.5071998171471762e-03, -2.6117053015863529e-03,
       -6.2692377219525346e+00 ]
