%YAML:1.0
---
cameraMatrixL: !!opencv-matrix
   rows: 3
   cols: 3
   dt: d
   data: [ 9.5270519236537484e+02, 0., 3.5106368659483707e+02, 0.,
       9.5402900958984401e+02, 2.4256841149383141e+02, 0., 0., 1. ]
cameraDistcoeffL: !!opencv-matrix
   rows: 5
   cols: 1
   dt: d
   data: [ 1.8795935078408671e-01, -5.2026389006817482e+00,
       -1.3304481963750951e-03, 5.4812623833982270e-03,
       2.2508749511949258e+01 ]
cameraMatrixR: !!opencv-matrix
   rows: 3
   cols: 3
   dt: d
   data: [ 9.5889653163287619e+02, 0., 3.9211916260437846e+02, 0.,
       9.5897314472939286e+02, 2.9518708829691855e+02, 0., 0., 1. ]
cameraDistcoeffR: !!opencv-matrix
   rows: 5
   cols: 1
   dt: d
   data: [ -1.4408780862557364e-02, -7.1938222540917485e-01,
       -2.8063600824046188e-04, 8.5126917899047330e-03,
       1.0878153970837598e+00 ]
