%YAML:1.0
---
cameraMatrixL: !!opencv-matrix
   rows: 3
   cols: 3
   dt: d
   data: [ 9.6387783851636777e+02, 0., 3.1165495499484922e+02, 0.,
       9.5730324740861681e+02, 2.1871640453688340e+02, 0., 0., 1. ]
cameraDistcoeffL: !!opencv-matrix
   rows: 5
   cols: 1
   dt: d
   data: [ -1.5563042122746742e-01, -8.5752953248853248e-01,
       -7.0259150124629046e-03, -7.8445733847179733e-03,
       1.0071369540071036e+01 ]
cameraMatrixR: !!opencv-matrix
   rows: 3
   cols: 3
   dt: d
   data: [ 9.7108137207249524e+02, 0., 3.1021168032213762e+02, 0.,
       9.6492280152617104e+02, 2.3337666110337776e+02, 0., 0., 1. ]
cameraDistcoeffR: !!opencv-matrix
   rows: 5
   cols: 1
   dt: d
   data: [ -2.1662822077230540e-01, 1.0836072723480912e+00,
       -6.4135412115710212e-03, -1.1879034084756429e-02,
       -6.6400058348026363e+00 ]
