%YAML:1.0
---
cameraMatrixL: !!opencv-matrix
   rows: 3
   cols: 3
   dt: d
   data: [ 9.5600094979290361e+02, 0., 3.2715017371988552e+02, 0.,
       9.5673677536232583e+02, 2.1515981409896665e+02, 0., 0., 1. ]
cameraDistcoeffL: !!opencv-matrix
   rows: 5
   cols: 1
   dt: d
   data: [ -1.1735420473650005e-01, -5.5079332833242101e-01,
       -2.8235145739288147e-03, -1.4586443173868840e-03,
       3.5998139087449874e+00 ]
cameraMatrixR: !!opencv-matrix
   rows: 3
   cols: 3
   dt: d
   data: [ 9.5554317746920242e+02, 0., 3.3812586220776132e+02, 0.,
       9.5639407839142882e+02, 2.4648520001160838e+02, 0., 0., 1. ]
cameraDistcoeffR: !!opencv-matrix
   rows: 5
   cols: 1
   dt: d
   data: [ -1.5562808202108819e-01, 6.8004877796153862e-01,
       -2.0677821014006472e-03, -1.5536908841398841e-03,
       -4.0082153941515193e+00 ]
