%YAML:1.0
---
intrinsic: !!opencv-matrix
   rows: 3
   cols: 3
   dt: d
   data: [ 9.4366248805849091e+02, 0., 3.0093990778031747e+02, 0.,
       9.4623257337643770e+02, 2.1545741670436706e+02, 0., 0., 1. ]
distcoeff: !!opencv-matrix
   rows: 5
   cols: 1
   dt: d
   data: [ -1.9779262736196973e-01, 4.6784354258544014e-01,
       -2.4885996285325084e-03, -2.5819172854486560e-03,
       -5.5277464528062870e-01 ]
