%YAML:1.0
---
intrinsic: !!opencv-matrix
   rows: 3
   cols: 3
   dt: d
   data: [ 9.4940207101447652e+02, 0., 2.8824924219350368e+02, 0.,
       9.4777056690916515e+02, 2.0521242466327365e+02, 0., 0., 1. ]
distcoeff: !!opencv-matrix
   rows: 5
   cols: 1
   dt: d
   data: [ -6.8769128867691542e-02, -1.1714560008507748e+00,
       -8.3386306276521070e-03, -1.0241396787360588e-02,
       5.3408517479610644e+00 ]
