%YAML:1.0
---
intrinsic: !!opencv-matrix
   rows: 3
   cols: 3
   dt: d
   data: [ 9.4941024169274021e+02, 0., 3.0767255859775861e+02, 0.,
       9.5058744313606030e+02, 2.2022940937189705e+02, 0., 0., 1. ]
distcoeff: !!opencv-matrix
   rows: 5
   cols: 1
   dt: d
   data: [ -2.2914102962084661e-02, -2.1726968400385474e+00,
       -1.9481078227682684e-03, -1.6720512193345262e-03,
       1.1448172290828033e+01 ]
