%YAML:1.0
---
intrinsic: !!opencv-matrix
   rows: 3
   cols: 3
   dt: d
   data: [ 9.4835169170088693e+02, 0., 2.9795339745853079e+02, 0.,
       9.4979242905549336e+02, 2.0922068463370388e+02, 0., 0., 1. ]
distcoeff: !!opencv-matrix
   rows: 5
   cols: 1
   dt: d
   data: [ -8.7583522286938845e-02, -1.3755668165178556e+00,
       -4.0294222292391081e-03, -3.4805129084424535e-03,
       6.6938365716615804e+00 ]
