%YAML:1.0
---
intrinsic: !!opencv-matrix
   rows: 3
   cols: 3
   dt: d
   data: [ 9.4223010362928119e+02, 0., 2.9398857786008625e+02, 0.,
       9.4415503421233655e+02, 2.2454234920454650e+02, 0., 0., 1. ]
distcoeff: !!opencv-matrix
   rows: 5
   cols: 1
   dt: d
   data: [ 1.6328127048206142e-02, -2.2838750566286241e+00,
       -3.5516725388755289e-03, -4.5618208852751261e-03,
       8.3610732213393870e+00 ]
