%YAML:1.0
---
intrinsic: !!opencv-matrix
   rows: 3
   cols: 3
   dt: d
   data: [ 9.4492024051448789e+02, 0., 3.6990297679001600e+02, 0.,
       9.4589845424361590e+02, 2.8429216266663281e+02, 0., 0., 1. ]
distcoeff: !!opencv-matrix
   rows: 5
   cols: 1
   dt: d
   data: [ -2.1587797712261211e-01, 1.3658423270835163e+00,
       -5.1227768602632830e-04, 2.0806740968792219e-03,
       -6.0631283583319417e+00 ]
