%YAML:1.0
---
intrinsic: !!opencv-matrix
   rows: 3
   cols: 3
   dt: d
   data: [ 9.4456377890507213e+02, 0., 3.5799505384937629e+02, 0.,
       9.4606570852845232e+02, 2.6335296281752460e+02, 0., 0., 1. ]
distcoeff: !!opencv-matrix
   rows: 5
   cols: 1
   dt: d
   data: [ -1.4204659745295450e-01, -3.5626551416423520e-02,
       -4.7261523315958497e-03, -2.9974465677529241e-03,
       -4.9441397937552617e-01 ]
