%YAML:1.0
---
intrinsic: !!opencv-matrix
   rows: 3
   cols: 3
   dt: d
   data: [ 9.3073589360302390e+02, 0., 3.6943829628967217e+02, 0.,
       9.3224542997190497e+02, 2.8258345799220319e+02, 0., 0., 1. ]
distcoeff: !!opencv-matrix
   rows: 5
   cols: 1
   dt: d
   data: [ -1.9596066734492057e-01, 5.4877230804930888e-01,
       -4.4858548243157916e-04, -9.2923932932106011e-04,
       -2.7943218855732086e+00 ]
