%YAML:1.0
---
intrinsic: !!opencv-matrix
   rows: 3
   cols: 3
   dt: d
   data: [ 9.5217610652457540e+02, 0., 3.6659000805312951e+02, 0.,
       9.5333410958129673e+02, 2.7763059696500432e+02, 0., 0., 1. ]
distcoeff: !!opencv-matrix
   rows: 5
   cols: 1
   dt: d
   data: [ -1.5971143735626500e-01, 6.1560357508298769e-01,
       -1.1907535199514481e-03, -8.4505142149662621e-04,
       -3.3638673515436333e+00 ]
