%YAML:1.0
---
intrinsic: !!opencv-matrix
   rows: 3
   cols: 3
   dt: d
   data: [ 9.5202410502459134e+02, 0., 3.2990091847455290e+02, 0.,
       9.5155544003287798e+02, 2.2606157060144949e+02, 0., 0., 1. ]
distcoeff: !!opencv-matrix
   rows: 5
   cols: 1
   dt: d
   data: [ -1.3672231449981920e-01, -1.6907344947960334e-01,
       -5.6580844957052042e-03, -4.0802863233863444e-03,
       1.1666943823575187e+00 ]
